轨道版本号=v5.0
注释=
人物1位置=33
魔塔层数=0
退出时间=0
放卡限速=0
刷技能模式=0
移动板块=0
优先队列=
卡槽数=12
宝石	120[0]
铲子	0[0]
咖啡粉	7[4]
小火炉	7[3]补极	000|14	000|24	000|34	000|54	000|64	000|74	000|13	000|23	000|63	000|73	000|35	000|55	000|11	000|21	000|51	000|61	000|71	000|17	000|27	000|67	000|77
海星	7[3]补极,0,0,200	000|42	000|31	000|43	000|44	000|45	000|36	000|56	000|25	000|65	000|15	000|75
冰沙	33[5]极,0,0,600
木盘子	7[1]
麦芽糖	7[1]补极	000|14	000|24	000|34	000|54	000|64	000|74	000|22	000|11	000|21	000|51	000|61	000|71	000|45
瓜皮	15[2]补极独,0,0,300	050|26	000|66	000|16	000|76	000|56	000|36	000|45	000|17	000|27	000|67	000|77
处女座	30[2]补极独,0,0,300	050|26	000|66	000|16	000|76	000|56	000|36	000|45	000|17	000|27	000|67	000|77
气泡	10[1]
狮子座	35[3]补极独,0,0,400	051|26	000|66	000|16	000|76
布丁	7[3]补极独,0,0,500	051|41
冰桶	27[3]
--第1波--
宝石	120[0]
铲子	0[0]独
咖啡粉	7[4]
小火炉	7[3]补极	000|51	000|14	000|24	000|34	000|54	000|64	000|74	000|35	000|55	000|11	000|21	000|61	000|71	000|17	000|27	000|67	000|77
海星	7[3]补极继,0,0,200
冰沙	33[5]极继,0,0,1000,,,0,,0,,,狮子座
木盘子	7[1]
麦芽糖	7[1]极继
瓜皮	15[2]补极继,0,0,300
处女座	30[2]补极继,0,0,300
气泡	10[1]
狮子座	35[3]补极继,0,0,400
布丁	7[3]继
冰桶	27[3]
--第1.2波--
宝石	120[0]
铲子	0[0]独
咖啡粉	7[4]
小火炉	7[3]补极	000|51	000|14	000|74	000|35	000|55	000|11	000|21	000|61	000|71	000|17	000|27	000|67	000|77
海星	7[3]补极继,0,0,200
冰沙	33[5]极继,0,0,1000,,,0,,0,,,狮子座
木盘子	7[1]
麦芽糖	7[1]极继
瓜皮	15[2]补极继,0,0,300
处女座	30[2]补极继,0,0,300
气泡	10[1]
狮子座	35[3]补极继,0,0,400
布丁	7[3]继
冰桶	27[3]补独
--第1.3波--
宝石	120[0]
铲子	0[0]独
咖啡粉	7[4]
小火炉	7[3]补极继
海星	7[3]补极继,0,0,200
冰沙	33[5]极继,0,0,1000,,,0,,0,,,狮子座
木盘子	7[1]
麦芽糖	7[1]极继
瓜皮	15[2]补极继,0,0,300
处女座	30[2]补极继,0,0,300
气泡	10[1]
狮子座	35[3]补极继,0,0,400
布丁	7[3]继
冰桶	27[3]补极独,0,0,150	005|18	000|78
--第2波--
宝石	120[0]
铲子	0[0]独
咖啡粉	7[4]
小火炉	7[3]补极继
海星	7[3]补极继,0,0,200
冰沙	33[5]极继,0,0,1000,,,0,,0,,,狮子座
木盘子	7[1]
麦芽糖	7[1]极继
瓜皮	15[2]补极继,0,0,300
处女座	30[2]补极继,0,0,300
气泡	10[1]
狮子座	35[3]补极继,0,0,400
布丁	7[3]继
冰桶	27[3]独
--第2.3波--
宝石	120[0]
铲子	0[0]独
咖啡粉	7[4]
小火炉	7[3]补极	000|51	000|35	000|55	000|11	000|21	000|61	000|71	000|17	000|27	000|67	000|77
海星	7[3]补极继,0,0,200
冰沙	33[5]极继,0,0,1000,,,0,,0,,,狮子座
木盘子	7[1]
麦芽糖	7[1]极继
瓜皮	15[2]补极继,0,0,300
处女座	30[2]补极继,0,0,300
气泡	10[1]
狮子座	35[3]补极继,0,0,400
布丁	7[3]继
冰桶	27[3]补极,0,0,150,3	000|18	000|78
--第3.1波--
宝石	120[0]
铲子	0[0]独
咖啡粉	7[4]
小火炉	7[3]补极独	003|51	000|14	000|74	000|35	000|55	000|11	000|21	000|61	000|71	000|32	000|52	000|13	000|23	000|63	000|73	000|17	000|27	000|67	000|77
海星	7[3]补极继,0,0,200
冰沙	33[5]极继,0,0,1000,,,0,,0,,,狮子座
木盘子	7[1]
麦芽糖	7[1]极继
瓜皮	15[2]补极继,0,0,300
处女座	30[2]补极继,0,0,300
气泡	10[1]
狮子座	35[3]补极继,0,0,400
布丁	7[3]继
冰桶	27[3]
