轨道版本号=v4.9.8
注释=
人物1位置=32
人物2位置=52
魔塔层数=0
退出时间=0
刷技能模式=0
优先队列=油灯,海星,油灯,海星,瓜皮,海星
卡槽数=13
宝石	120[0]
铲子	0[0]
咖啡粉	7[4]
小火炉	7[3]补极绝	000|14	000|24	000|34	000|54	000|64	000|74	000|11	000|21	000|31	000|51	000|61	000|71	000|15	000|35	000|55	000|75	000|28	000|38	000|58	000|68
海星	7[3]补极,0,0,200	000|41	000|44	000|43	000|45	000|46	000|76	000|56	000|36	000|16	000|66	000|26	000|77	000|67	000|57	000|47	000|37	000|27	000|17
冰沙	33[5]极,0,0,500,,,1,,0,,,海星	050|00
糖葫芦	7[3]补极,0,1,0,,冷萃机,2	050|12	000|22
木盘子	7[1]补极绝	000|44	000|43	000|45	000|46	000|47	000|37	000|57	000|27	000|67	000|17	000|77	000|33	000|53	000|23	000|63	000|13	000|73
麦芽糖	7[1]
瓜皮	15[2]补极,0,0,200	030|25	000|65	000|48	000|18	000|78	000|11	000|21	000|31	000|41	000|51	000|61	000|71
处女座	30[2]补极,0,0,200	030|25	000|65	000|48	000|18	000|78	000|11	000|21	000|31	000|41	000|51	000|61	000|71
冷萃机	7[3]补极	000|62	000|72
布丁	7[3]补极,0,0,200	050|42	000|33	000|53	000|23	000|63	000|13	000|73
油灯	12[3]补极,0,0,0,,,1	020|25	000|65	000|48	000|18	000|78
面粉袋	30[3]补极绝,0,0,0,,,0,法师鼠,1,a,b
--第1.4波--
宝石	120[0]
铲子	0[0]独	001|15	001|35	001|55	001|75	002|15	002|35	002|55	002|75	029|28	029|38	029|58	029|68	030|28	030|38	030|58	030|68
咖啡粉	7[4]
小火炉	7[3]补极绝	000|14	000|24	000|34	000|54	000|64	000|74	000|11	000|21	000|31	000|51	000|61	000|71
海星	7[3]补极,0,0,200	003|41	000|44	000|43	000|45	000|46	000|76	000|56	000|36	000|16	000|66	000|26	000|77	000|67	000|57	000|47	000|37	000|27	000|17	000|75	000|55	000|35	000|15	000|28	000|38	000|58	000|68
冰沙	33[5]极继,0,0,0,,,1
糖葫芦	7[3]补极继
木盘子	7[1]补极绝继
麦芽糖	7[1]
瓜皮	15[2]补极继,0,0,200
处女座	30[2]补极继,0,0,200
冷萃机	7[3]补极继
布丁	7[3]补极继,0,0,200
油灯	12[3]补极继,0,0,0,,,1
面粉袋	30[3]极绝继,0,0,0,,,0,法师鼠,1,a,b
--第3波--
宝石	120[0]
铲子	0[0]独	001|14	001|24	001|34	001|54	001|64	001|74	002|14	002|24	002|34	002|54	002|64	002|74
咖啡粉	7[4]
小火炉	7[3]补极绝	003|11	000|21	000|31	000|51	000|61	000|71
海星	7[3]补极,0,0,200	004|41	000|44	000|43	000|45	000|46	000|76	000|56	000|36	000|16	000|66	000|26	000|67	000|57	000|37	000|27	000|75	000|55	000|35	000|15	000|14	000|24	000|34	000|54	000|64	000|74	000|28	000|38	000|58	000|68
冰沙	33[5]极继,0,0,0,,,1
糖葫芦	7[3]补极继
木盘子	7[1]补极绝继
麦芽糖	7[1]
瓜皮	15[2]补极继,0,0,200
处女座	30[2]补极继,0,0,200
冷萃机	7[3]补极继
布丁	7[3]补极继,0,0,200
油灯	12[3]补极继,0,0,0,,,1
面粉袋	30[3]极绝继,0,0,0,,,0,法师鼠,1,a,b
