轨道版本号=v4.9.8
注释=
人物1位置=32
人物2位置=52
魔塔层数=0
退出时间=0
刷技能模式=0
优先队列=油灯,海星,海星,瓜皮,海星,油灯,海星,冷萃机
卡槽数=13
宝石	120[0]
铲子	0[0]
咖啡粉	7[4]
小火炉	7[3]补极绝	000|11	000|21	000|31	000|41	000|51	000|61	000|71	000|35	000|55	000|34	000|44	000|54	000|36	000|46	000|56	000|18	000|28	000|68	000|78	000|38	000|58
海星	7[3]补极	000|42	000|63	000|74	000|57	000|77	000|27	000|37	000|17	000|67	000|23	000|14	000|64	000|24	000|15	000|25	000|47	000|65	000|75	000|16	000|26	000|66	000|76
冰沙	33[5]极,0,0,0,,,1	050|00
糖葫芦	7[3]补极,0,1,0,,冷萃机,1	050|13	000|73	000|33	000|53
木盘子	7[1]补极绝	000|11	000|21	000|31	000|41	000|51	000|61	000|71	000|12	000|22	000|62	000|72	000|13	000|23	000|63	000|73	000|14	000|24	000|64	000|74	000|15	000|25	000|65	000|75	000|17	000|27	000|67	000|77	000|16	000|26	000|66	000|76	000|18	000|28	000|68	000|78
麦芽糖	7[1]
瓜皮	15[2]补极,0,0,200	030|43	000|42	000|48	000|57	000|37	000|33	000|53	000|34	000|44	000|54	000|47	000|32	000|52	000|11	000|21	000|31	000|41	000|51	000|61	000|71	000|16	000|26	000|66	000|76
处女座	30[2]补极,0,0,200	030|43	000|42	000|48	000|57	000|37	000|33	000|53	000|34	000|44	000|54	000|47	000|32	000|52	000|11	000|21	000|31	000|41	000|51	000|61	000|71	000|16	000|26	000|66	000|76
冷萃机	7[3]补极	000|45
布丁	7[3]补极,0,0,200	050|12	000|22	000|62	000|72
油灯	12[3]补极,0,0,0,,,1	020|43	000|48
面粉袋	30[3]补极绝,0,0,0,,,0,法师鼠,1,a,b
--第3波--
宝石	120[0]
铲子	0[0]	001|23	001|63	001|14	001|74	001|34	001|44	001|54
咖啡粉	7[4]
小火炉	7[3]补极绝	000|11	000|21	000|31	000|41	000|51	000|61	000|71	000|35	000|55	000|36	000|46	000|56	000|18	000|28	000|68	000|78	000|38	000|58
海星	7[3]补极,0,0,200	003|42	000|24	000|64	000|15	000|25	000|65	000|75	000|37	000|47	000|57	000|17	000|27	000|67	000|77	000|16	000|26	000|66	000|76
冰沙	33[5]极继,0,0,0,,,1
糖葫芦	7[3]补极	003|13	000|73	000|33	000|53	000|23	000|63	000|14	000|34	000|44	000|54	000|74
木盘子	7[1]补极绝继
麦芽糖	7[1]
瓜皮	15[2]补极继,0,0,200
处女座	30[2]补极继,0,0,200
冷萃机	7[3]补极继
布丁	7[3]补极继,0,0,200
油灯	12[3]补极继,0,0,0,,,1
面粉袋	30[3]继
--第5波--
宝石	120[0]
铲子	0[0]	001|35	001|55	001|34	001|44	001|54	002|14	002|74	002|33	002|53	002|42
咖啡粉	7[4]
小火炉	7[3]补极绝	000|11	000|21	000|31	000|41	000|51	000|61	000|71	000|36	000|46	000|56	000|18	000|28	000|68	000|78	000|38	000|58
海星	7[3]补极,0,0,200	003|35	000|55	000|14	000|74	000|24	000|64	000|15	000|25	000|65	000|75	000|34	000|44	000|54	000|37	000|47	000|57	000|17	000|27	000|67	000|77	000|16	000|26	000|66	000|76
冰沙	33[5]极继,0,0,0,,,1
糖葫芦	7[3]补极	003|13	000|73	000|23	000|63
木盘子	7[1]补极绝继
麦芽糖	7[1]
瓜皮	15[2]补极继,0,0,200
处女座	30[2]补极继,0,0,200
冷萃机	7[3]补极继
布丁	7[3]补极,0,0,200	000|12	000|22	000|33	000|42	000|53	000|62	000|72
油灯	12[3]补极继,0,0,0,,,1
面粉袋	30[3]继
