轨道版本号=v4.9.8
注释=
人物1位置=12
人物2位置=72
魔塔层数=0
退出时间=0
刷技能模式=0
优先队列=多拿滋
卡槽数=6
宝石	120[0]
铲子	1[0]
咖啡粉	7[4]
小火炉	7[3]补极绝独	004|13	000|73	000|32	000|42	000|52	000|22	000|62	000|72	000|44	000|15	000|35	000|45	000|55	000|75	000|37	000|47	000|57
酒杯灯	7[3]补极绝	000|14	000|74	000|33	000|43	000|53	000|23	000|63	000|24	000|64	000|34	000|54	000|26	000|66	000|17	000|77
多拿滋	7[3]索补极	000|11	000|21	000|31	000|41	000|51	000|61	000|71	000|16	000|25	000|36	000|46	000|56	000|65	000|76
冷萃机	15[3]补
木盘子	4[1]补极	000|11	000|21	000|31	000|41	000|51	000|61	000|71	000|22	000|32	000|42	000|52	000|62	000|72	000|13	000|23	000|33	000|43	000|53	000|63	000|73	000|14	000|24	000|34	000|44	000|54	000|64	000|74	000|15	000|25	000|35	000|45	000|55	000|65	000|75	000|16	000|26	000|36	000|46	000|56	000|66	000|76	000|17	000|37	000|47	000|57	000|77
--第3波--
宝石	120[0]
铲子	0[0]独	001|13	001|23	001|33	001|43	001|53	001|63	001|73	004|23	004|33	004|53	004|63
咖啡粉	7[4]
小火炉	7[3]补极绝独	000|35	000|45	000|55	000|15	000|75	000|22	000|32	000|42	000|52	000|62	000|72	000|44	000|37	000|47	000|57
酒杯灯	7[3]补极绝	000|26	000|66	000|14	000|24	000|34	000|54	000|64	000|74	000|17	000|77
多拿滋	7[3]补极独	003|11	000|21	000|31	000|41	000|51	000|61	000|71	000|16	000|25	000|36	000|46	000|56	000|65	000|76	000|13	000|23	000|33	000|43	000|53	000|63	000|73
冷萃机	15[3]补
木盘子	4[1]补极继
--第5波--
宝石	120[0]
铲子	0[0]独	001|15	001|26	001|35	001|45	001|55	001|66	001|75	004|15	004|35	004|45	004|55	004|75
咖啡粉	7[4]
小火炉	7[3]补极绝独	000|22	000|32	000|42	000|52	000|62	000|72	000|44	000|37	000|47	000|57
酒杯灯	7[3]补极绝	000|14	000|24	000|34	000|54	000|64	000|74	000|17	000|77
多拿滋	7[3]补极独	005|11	000|21	000|31	000|41	000|51	000|61	000|71	000|16	000|25	000|36	000|46	000|56	000|65	000|76	000|13	000|23	000|33	000|43	000|53	000|63	000|73	000|15	000|35	000|45	000|55	000|75	000|26	000|66
冷萃机	15[3]补
木盘子	4[1]补极继
