轨道版本号=v4.9.8
注释=
人物1位置=11
人物2位置=71
魔塔层数=0
退出时间=0
刷技能模式=0
优先队列=海星
卡槽数=6
宝石	120[0]
铲子	0[0]
咖啡粉	7[4]
小火炉	7[3]补极绝独	004|12	000|14	000|72	000|21	000|31	000|41	000|51	000|61	000|71	000|24	000|33	000|43	000|53	000|64
酒杯灯	7[3]补极绝	000|13	000|73	000|22	000|32	000|42	000|52	000|62	000|74	000|23	000|63
海星	7[3]补极	000|44	000|46	000|47	000|49	000|17	000|77	000|57	000|37	000|59	000|39	000|69	000|29	000|79	000|19	000|45	000|16	000|26	000|36	000|56	000|66	000|76	000|15	000|25	000|35	000|55	000|65	000|75	000|34	000|54	000|64
瓜皮	15[2]补极	035|49	000|59	000|39	000|69	000|29	000|79	000|19
木盘子	7[1]补极	000|44	000|14	000|24	000|34	000|54	000|64	000|74	000|13	000|23	000|33	000|43	000|53	000|63	000|73	000|12	000|22	000|32	000|42	000|52	000|62	000|72	000|21	000|31	000|41	000|51	000|61	000|71	000|46	000|17	000|37	000|47	000|57	000|77	000|49	000|59	000|39	000|69	000|29	000|79	000|19	000|16	000|26	000|36	000|56	000|66	000|76	000|15	000|25	000|35	000|45	000|55	000|65	000|75
--第5波--
宝石	120[0]
铲子	0[0]独	001|14	001|24	001|64	001|74
咖啡粉	7[4]
小火炉	7[3]补极绝	000|12	000|21	000|31	000|41	000|51	000|61	000|71	000|72	000|33	000|43	000|53
酒杯灯	7[3]补极	000|13	000|22	000|32	000|42	000|52	000|62	000|73	000|23	000|63
海星	7[3]补极独,0,0,225	003|44	000|46	000|47	000|49	000|17	000|77	000|57	000|37	000|59	000|39	000|69	000|29	000|79	000|19	000|45	000|16	000|26	000|36	000|56	000|66	000|76	000|15	000|25	000|35	000|55	000|65	000|75	000|34	000|54	000|14	000|24	000|64	000|74
瓜皮	15[2]补极继
木盘子	7[1]补极继
