轨道版本号=v4.9.8
注释=
人物1位置=11
人物2位置=71
魔塔层数=0
退出时间=0
刷技能模式=0
优先队列=海星,海星,木盘子,海星,狮子座,冰激凌,狮子座
卡槽数=9
宝石	120[0]
铲子	7[0]
咖啡粉	7[4]
小火炉	7[3]补极绝独	004|12	000|31	000|41	000|51	000|15	000|72	000|71	000|21	000|61	000|22	000|62	000|25	000|33	000|43	000|53	000|35	000|45
酒杯灯	7[3]补极绝	000|13	000|32	000|42	000|52	000|73	000|75	000|23	000|63	000|55	000|65
海星	7[3]补极	000|68	000|28	000|48	000|78	000|18	000|58	000|38	000|59	000|49	000|39	000|17	000|37	000|47	000|57	000|77	000|16	000|26	000|36	000|46	000|56	000|66	000|76
瓜皮	15[2]补极	000|59	000|49	000|39
木盘子	7[1]补极	000|48	000|38	000|58	000|33	000|43	000|53	000|37	000|47	000|57	000|35	000|45	000|55	000|36	000|46	000|56	000|34	000|44	000|54	000|59	000|49	000|39	000|32	000|42	000|52	000|31	000|41	000|51
糖葫芦	7[3]补极	000|14	000|24	000|34	000|44	000|54	000|64	000|74
狮子座	35[3]补极	000|67	000|27
冰激凌	42[5]x补极,0,0,0,,,0,,0,,,,1	001|67
--第6波--
宝石	120[0]
铲子	0[0]独	001|13	001|12	001|73	001|72	004|13	004|12	004|73	004|72
咖啡粉	7[4]
小火炉	7[3]补极绝	000|22	000|33	000|43	000|53	000|62	000|21	000|31	000|41	000|51	000|61	000|71	000|15	000|25	000|35	000|45
酒杯灯	7[3]补极绝	000|23	000|32	000|42	000|52	000|63	000|75	000|55	000|65
海星	7[3]补极独继,0,0,200
瓜皮	15[2]补极继
木盘子	7[1]补极绝继
糖葫芦	7[3]补极独	005|14	000|24	000|34	000|44	000|54	000|64	000|74	000|13	000|73	000|12	000|72
狮子座	35[3]补极继
冰激凌	42[5]x补极继
--第8波--
宝石	120[0]
铲子	0[0]独	001|25	001|35	001|45	001|55	001|65	004|25	004|65
咖啡粉	7[4]
小火炉	7[3]补极绝	000|22	000|33	000|43	000|53	000|62	000|21	000|31	000|41	000|51	000|61	000|71	000|15
酒杯灯	7[3]补极绝	000|23	000|32	000|42	000|52	000|63	000|75
海星	7[3]补极独	005|68	000|28	000|78	000|18	000|48	000|58	000|38	000|59	000|49	000|39	000|17	000|37	000|47	000|57	000|77	000|16	000|26	000|36	000|46	000|56	000|66	000|76	000|25	000|35	000|45	000|55	000|65
瓜皮	15[2]补极继
木盘子	7[1]补极绝继
糖葫芦	7[3]补极独继
狮子座	35[3]补极继
冰激凌	42[5]x补极继
