轨道版本号=v4.9.8
注释=
人物1位置=11
人物2位置=71
魔塔层数=0
退出时间=0
刷技能模式=0
优先队列=冷萃机
卡槽数=5
宝石	120[0]
铲子	1[0]
咖啡粉	7[4]
小火炉	7[3]补极绝	000|13	000|23	000|33	000|43	000|53	000|63	000|73	000|21	000|41	000|61	000|71	000|17	000|27	000|37	000|47	000|57	000|67	000|77
酒杯灯	7[3]补极绝	000|12	000|22	000|32	000|42	000|52	000|62	000|72	000|16	000|26	000|36	000|46	000|56	000|66	000|76
多拿滋	7[3]索补极	000|14	000|24	000|34	000|44	000|54	000|64	000|74	000|15	000|25	000|35	000|45	000|55	000|65	000|75
冷萃机	15[3]补极	000|31	000|51
--第2波--
宝石	120[0]
铲子	0[0]独	001|12	001|22	001|32	001|42	001|52	001|62	001|72	004|12	004|22	004|32	004|42	004|52	004|62	004|72
咖啡粉	7[4]
小火炉	7[3]补极	000|21	000|41	000|61	000|71	000|16	000|26	000|36	000|46	000|56	000|66	000|76	000|13	000|23	000|33	000|43	000|53	000|63	000|73
酒杯灯	7[3]补极	000|17	000|27	000|37	000|47	000|57	000|67	000|77
多拿滋	7[3]补极独	005|14	000|24	000|34	000|44	000|54	000|64	000|74	000|15	000|25	000|35	000|45	000|55	000|65	000|75	000|12	000|22	000|32	000|42	000|52	000|62	000|72
冷萃机	15[3]继
--第3波--
宝石	120[0]
铲子	0[0]独	001|13	001|23	001|33	001|43	001|53	001|63	001|73	004|13	004|23	004|33	004|43	004|53	004|63	004|73
咖啡粉	7[4]
小火炉	7[3]补极	000|21	000|41	000|61	000|71	000|16	000|26	000|36	000|46	000|56	000|66	000|76
酒杯灯	7[3]补极	000|17	000|27	000|37	000|47	000|57	000|67	000|77
多拿滋	7[3]补极独	005|14	000|24	000|34	000|44	000|54	000|64	000|74	000|15	000|25	000|35	000|45	000|55	000|65	000|75	000|12	000|22	000|32	000|42	000|52	000|62	000|72	000|13	000|23	000|33	000|43	000|53	000|63	000|73
冷萃机	15[3]继
