轨道版本号=v4.9.8
注释=
人物1位置=11
人物2位置=71
魔塔层数=0
退出时间=0
刷技能模式=0
优先队列=海星,海星,瓜皮,海星,海星
卡槽数=12
宝石	120[0]
铲子	0[0]
咖啡粉	7[4]补极,0,0,0,,,0,触须,1	000|44
小火炉	7[3]补极绝	000|41	000|14	000|74	000|36	000|46	000|56	000|76	000|15	000|75	000|26	000|66	000|17	000|77	000|27	000|67	000|37	000|57	000|47
海星	7[3]补极	000|24	000|64	000|34	000|54	000|22	000|32	000|52	000|62	000|23	000|33	000|53	000|63	000|25	000|65	000|35	000|55
冰沙	33[5]极,0,0,0,,,1	050|00
糖葫芦	7[3]补
木盘子	7[1]补极绝	000|21	000|31	000|41	000|51	000|61	000|12	000|22	000|32	000|42	000|52	000|62	000|72	000|13	000|23	000|33	000|43	000|53	000|63	000|73	000|14	000|24	000|34	000|54	000|64	000|74	000|44	000|15	000|75	000|26	000|36	000|46	000|56	000|66	000|76	000|25	000|65	000|35	000|55	000|17	000|77	000|27	000|37	000|57	000|67	000|47
麦芽糖	7[1]
瓜皮	15[2]补极,0,0,200	030|44	000|35	000|55	000|26	000|66	000|17	000|77	000|27	000|67	000|37	000|57
处女座	30[2]补极,0,0,200	030|44	000|35	000|55	000|26	000|66	000|17	000|77	000|27	000|67	000|37	000|57
布丁	7[3],0,0,200
多拿滋	7[3]补极	000|12	000|72	000|42	000|13	000|73	000|43
开水壶	7[3]补极,0,0,0,,,0,,0,,,咖啡粉	000|44
--第4.1波--
宝石	120[0]
铲子	0[0]
咖啡粉	7[4]
小火炉	7[3]补极绝继
海星	7[3]补极继
冰沙	33[5]极继,0,0,0,,,1
糖葫芦	7[3]补
木盘子	7[1]
麦芽糖	7[1]
瓜皮	15[2]补极继,0,0,200
处女座	30[2]补极继,0,0,200
布丁	7[3]补,0,0,200
多拿滋	7[3]补极继
开水壶	7[3]
