轨道版本号=v4.9.8
注释=
人物1位置=22
人物2位置=62
魔塔层数=0
退出时间=0
刷技能模式=0
优先队列=海星,海星,瓜皮,海星,海星
卡槽数=12
宝石	120[0]
铲子	0[0]
咖啡粉	7[4]
小火炉	7[3]补极绝	000|31	000|41	000|51	000|32	000|42	000|52	000|72	000|16	000|76	000|36	000|56	000|17	000|18	000|78	000|15	000|75	000|26	000|46	000|66	000|37
海星	7[3]补极	000|43	000|45	000|53	000|23	000|63	000|12	000|73	000|35	000|24	000|55	000|74	000|13	000|67
冰沙	33[5]极独,0,0,500,,,1,,0,,,海星	050|00
糖葫芦	7[3]补极独	050|25	000|65
木盘子	7[1]
麦芽糖	24[1]x绝独	025|29	049|79	073|79	097|79	121|79	145|79	169|79	193|79	217|79	241|79	265|79	289|79	313|79	337|79	361|79	385|79	409|79	433|79	457|79	481|79	505|79	529|79	553|79	577|79	601|79	625|79	649|79	673|79	697|79	721|79	745|00	769|00	793|00	817|00	841|00	865|00	889|00	913|00	937|00
瓜皮	15[2]补极独,0,0,200	030|34	000|64	000|14	000|77	000|57	000|27	000|42	000|33	000|43	000|53	000|24	000|44	000|15	000|25	000|35	000|45	000|55	000|65	000|75	000|26	000|46	000|66	000|37	000|54	000|74	000|16	000|36	000|56	000|76	000|17	000|67
处女座	30[2]补极独,0,0,200	030|34	000|64	000|14	000|77	000|57	000|27	000|42	000|33	000|43	000|53	000|24	000|44	000|15	000|25	000|35	000|45	000|55	000|65	000|75	000|26	000|46	000|66	000|37	000|54	000|74	000|16	000|36	000|56	000|76	000|17	000|67
多拿滋	7[3]补极,0,1,0,,糖葫芦,1	050|44	000|33	000|54
面粉袋	30[3]补极,0,0,0,,,0,法师鼠,1,a,b
油灯	12[3]补极,0,0,500	000|34	000|64	000|14	000|77	000|57	000|27
--第1.2波--
宝石	120[0]
铲子	0[0]独	001|31	001|41	001|51	002|31	002|41	002|51
咖啡粉	7[4]
小火炉	7[3]补极绝	000|32	000|42	000|52	000|72	000|15	000|75	000|16	000|26	000|36	000|46	000|56	000|66	000|76	000|17	000|37	000|18	000|78
海星	7[3]补极继
冰沙	33[5]极独继,0,0,0,,,1
糖葫芦	7[3]补极独继
木盘子	7[1]
麦芽糖	24[1]x绝独继
瓜皮	15[2]补极继,0,0,200
处女座	30[2]补极独继,0,0,200
多拿滋	7[3]补极	003|44	000|33	000|54	000|31	000|41	000|51
面粉袋	30[3]补极继,0,0,0,,,0,法师鼠,1,a,b
油灯	12[3]补继
--第2波--
宝石	120[0]
铲子	0[0]独	001|72	001|16	001|76	001|17	002|72	002|16	002|76	002|17
咖啡粉	7[4]
小火炉	7[3]补极绝	000|32	000|42	000|52	000|15	000|75	000|26	000|36	000|46	000|56	000|66	000|37	000|18	000|78
海星	7[3]补极	000|43	000|45	000|53	000|23	000|63	000|12	000|72	000|73	000|35	000|24	000|55	000|13	000|74	000|16	000|76	000|17	000|67
冰沙	33[5]极继,0,0,0,,,1
糖葫芦	7[3]补极继
木盘子	7[1]
麦芽糖	24[1]x绝独继
瓜皮	15[2]补极继,0,0,200
处女座	30[2]补极继,0,0,200
多拿滋	7[3]补极独	003|44	000|33	000|54	000|31	000|41	000|51
面粉袋	30[3]补极继,0,0,0,,,0,法师鼠,1,a,b
油灯	12[3]补继
--第4波--
宝石	120[0]
铲子	0[0]独	001|15	001|75	002|15	002|75
咖啡粉	7[4]
小火炉	7[3]补极绝	000|32	000|42	000|52	000|26	000|36	000|46	000|56	000|66	000|37	000|18	000|78
海星	7[3]补极	003|43	000|45	000|53	000|23	000|63	000|12	000|72	000|73	000|35	000|24	000|55	000|13	000|74	000|16	000|76	000|17	000|67	000|15	000|75
冰沙	33[5]极继,0,0,0,,,1
糖葫芦	7[3]补极继
木盘子	7[1]
麦芽糖	24[1]x绝独继
瓜皮	15[2]补极继,0,0,200
处女座	30[2]补极继,0,0,200
多拿滋	7[3]补极继
面粉袋	30[3]补极继,0,0,0,,,0,法师鼠,1,a,b
油灯	12[3]补继
